# Epoch, Training Loss, Training Accuracy, Validation Loss, Validation Accuracy
1 4.85 1.11 4.85 0.96
2 4.73 2.29 4.71 3.11
3 4.66 3.11 4.63 2.51
4 4.62 3.13 4.59 3.71
5 4.53 4.12 4.46 5.27
6 4.47 4.37 4.43 4.79
7 4.51 4.31 4.47 4.67
8 4.36 5.73 4.34 6.59
9 4.44 4.81 4.30 6.83
10 4.34 5.94 4.25 6.59
11 4.31 6.60 4.22 6.71
12 4.23 6.77 4.16 8.02
13 4.18 7.83 4.14 7.66
14 4.14 8.52 4.07 8.14
15 4.15 8.52 4.11 8.50
16 4.12 9.25 4.07 8.86
17 4.09 9.66 4.02 9.82
18 4.01 10.12 4.03 10.30
19 3.99 10.51 3.97 9.46
20 3.99 10.27 3.97 10.06
21 3.93 11.33 3.91 10.18
22 3.88 11.63 3.89 9.34
23 3.84 12.80 3.88 10.66
24 3.85 12.81 3.85 10.90
25 3.84 12.20 3.96 11.74
26 3.81 12.40 3.88 11.50
27 3.79 12.96 3.85 11.50
28 3.75 14.55 3.82 11.50
29 3.72 14.61 3.80 13.05
30 3.72 14.51 3.82 11.86
