# Epoch, Training Loss, Training Accuracy, Validation Loss, Validation Accuracy
1 4.42 16.69 4.41 15.81
2 2.11 47.41 1.88 54.61
3 1.37 62.78 1.02 71.98
4 1.11 69.16 0.77 78.20
5 1.06 70.28 0.67 80.36
6 0.97 72.75 0.60 81.08
7 0.97 71.66 0.60 78.92
8 0.86 74.75 0.49 84.31
9 0.87 74.55 0.48 85.51
10 0.79 77.43 0.44 85.63
11 0.83 76.02 0.45 85.63
12 0.79 77.83 0.44 85.51
13 0.79 77.63 0.43 86.11
14 0.76 77.92 0.42 87.31
15 0.75 78.47 0.39 87.43
16 0.74 78.35 0.41 86.47
17 0.72 79.10 0.40 87.66
18 0.73 79.07 0.39 87.43
19 0.67 80.60 0.37 88.14
20 0.68 80.49 0.38 88.02
